Element;A;I1;I2;I3;I4;I5;I6;I7;I8
H;0.7542;13.56;0;0;0;0;0;0;0
He;-0.22;24.59;54.42;0;0;0;0;0;0
Li;0.591;5.39;75.64;122.42;0;0;0;0;0
Be;-0.19;9.32;18.21;153.85;216.6;0;0;0;0
B;0.30;8.30;25.16;37.92;258.0;338.5;0;0;0
C;1.27;11.26;24.38;47.87;64.1;390.1;487.4;0;0
N;-0.21;14.53;29.60;47.43;77.0;97.3;549;663;0
O;1.467;13.62;35.12;54.89;77.5;113.3;137.3;735;867
F;3.448;17.42;34.99;62.65;87.3;114.8;156.5;184.2;949
Ne;1.28;21.57;41.08;63.5;97.1;112.0;159.1;206.6;237.9
Na;0.34;5.14;47.30;71.65;99.0;113.1;173.9;210.5;263.6
Mg;-0.22;7.65;15.04;80.12;109.4;142.2;118.5;227.9;269.0
Al;0.5;5.99;18.83;28.44;119.6;154.9;192.7;245.1;289.2
Si;1.84;8.15;16.34;33.46;44.84;167.4;207.9;250.5;309.1
P;0.8;10.49;19.73;30.16;51.1;66.6;222.8;268.3;315.7
S;2.077;10.36;23.35;35.0;47.32;72.2;87.5;285.7;336.2
Cl;3.614;12.97;23.80;39.9;53.5;68.0;96.5;113.8;356.1
Ar;-0.37;15.76;27.63;40.90;55.7;75.7;92.1;124.1;143.2
K;0.5;4.34;31.82;46;61.7;83.3;101.4;111.7;155.0
Ca;-1.93;6.11;11.87;51.21;68.1;86.1;110.5;130.6;150.7
Sc;-0.73;6.56;12.80;24.75;74.5;93.9;114.2;141.3;163.4
Ti;0.39;6.82;13.58;27.5;45.40;101.7;123.5;114.9;175.7
V;0.65;6.74;14.21;29.3;48.35;68.7;132.8;156.9;181.3
Cr;0.98;6.77;16.50;31.0;55.9;72.4;96.0;167.6;193.9
Mn;-0.97;7.44;15.64;33.69;53.4;75.8;100.7;127.4;206.3
Fe;0.58;7.89;16.18;30.64;55.9;79.0;104.9;133.1;162.8
Co;0.94;7.87;17.06;33.49;53.2;82.2;108.9;138.2;169.6
Ni;0;7.64;18.15;35.16;56.0;79.1;112.9;143.1;175.7
Cu;1.226;7.73;20.29;36.83;58.9;82.7;109.3;148.0;181.5
Zn;0.09;9.39;17.96;39.70;61.6;86.3;113.7;148.8;187.5
Ga;0.39;6.00;20.51;30.70;64.3;89.8;118.3;149.2;182.7
Ge;1.74;7.90;15.94;34.21;45.51;93.3;122.6;154.7;189.1
As;0;9.82;18.62;28.34;49.25;62.6;127.0;159.9;195.7
Se;2.020;9.75;21.19;32.0;43.03;67.1;81.9;165.3;201.9
Br;3.37;11.84;21.80;35.9;47.77;60.1;87.2;103.5;208.2
Kr;-0.42;14.00;24.37;36.9;52.1;65.9;79.6;109.6;127.3
Rb;0.6;4.18;27.5;40;52.5;71.1;86.4;101.5;134.3
Sr;-1.51;5.69;11.03;43.6;56.9;71.7;92.7;109.4;125.8
Y;-0.4;6.22;12.24;20.5;61.5;77.1;93.5;116.7;134.8
Zr;0.45;6.84;13.13;22.98;34.83;82.6;99.9;117.9;143.2
Nb;1.13;6.88;14.32;25;37.7;51.9;106.3;125.3;144.7
Mo;1.18;7.10;16.15;27.13;40.53;55.6;71.7;132.7;153.2
Tc;1.0;7.28;15.26;29.54;43;59;70;94;0
Ru;0;7.37;16.76;28.46;46.52;62.9;80.6;99.6;119.3
Rh;1.68;7.46;18.08;31.05;45.63;66.7;85.2;105.0;125.8
Pd;1.02;8.34;19.43;32.9;48.77;65.6;89.9;110.5;132.2
Ag;1.301;7.58;21.49;34.82;51.8;69.6;88.7;116.2;138.7
Cd;-0.27;8.99;16.91;37.5;55.0;73.4;93.5;114.7;145.5
In;0;5.79;18.87;28.0;57.8;77.4;98.2;120.5;143.7
Sn;0;7.34;14.63;30.49;40.72;80.9;103.1;126.1;150.5
Sb;0.99;8.64;16.5;25.3;44.02;55.4;107.3;132.0;157.2
Te;2;9.01;18.6;31;37.73;59.5;71.9;137.0;164.1
I;3.08;10.45;19.10;33;41.70;52.1;76.8;90.2;170.0
Xe;-0.45;12.13;21.25;32.1;45.46;56.9;68.3;96.0;110.4
Cs;0.39;3.89;25.1;33.97;45.55;61.5;74.1;86.4;117.1
Ba;-0.48;5.21;10.00;37;48.80;61.8;79.5;93.1;106.4
La;0.55;5.58;11.06;19.17;52.2;65.7;80.0;99.5;114.1
Ce;0;5.47;10.85;19.5;33.3;69.7;84.6;100.2;121.5
Pr;0;5.42;10.55;21.62;38.95;57.45;89.3;105.5;122.4
Nd;0;5.49;10.72;20.53;0;0;0;111.0;128.5
Pm;0;5.55;10.90;22;0;0;0;0;0
Sm;0;5.63;11.07;24;0;0;0;0;0
Eu;0;5.66;11.25;24.56;0;0;0;0;0
Gd;0;6.16;12.1;21.3;0;0;0;0;0
Tb;0;5.85;11.52;21.02;0;0;0;0;0
Dy;0;6.82;12.60;21.83;0;0;0;0;0
Ho;0;6.02;11.80;23.20;0;0;0;0;0
Er;0;6.10;11.93;22.4;0;0;0;0;0
Tm;0;6.18;12.05;23.71;0;0;0;0;0
Yb;0;6.25;12.18;25.2;0;0;0;0;0
Lu;0;5.43;13.9;23.7;0;0;0;0;0
Hf;0;7.5;14.9;23.3;33.3;0;0;0;0
Ta;0.15;7.89;16.2;22.27;33.08;0;0;0;0
W;0.5;7.98;17.7;24.08;35.36;0;0;0;0
Re;0.15;7.88;16.6;25.95;37.71;50.6;64.3;79.0;
Os;1.44;8.5;17;25;43;54;68;89;0
Ir;1.97;9.1;17.0;26.8;38.7;56.8;71.8;0;0
Pt;2.218;8.9;18.56;28.8;39.5;54.8;75.3;91.1;109.3
Au;2.309;9.23;20.5;30.46;43.52;57.8;73.1;96.4;114.4
Hg;-0.19;10.44;18.76;34.2;45.98;60.8;76.9;93.7;110.7
Tl;0.5;6.11;20.42;29.83;48.50;63.9;80.5;98.2;116.5
Pb;0;7.42;15.03;31.93;42.46;67.1;84.3;102.6;121.8
Bi;0;7.29;16.74;25.56;45.46;57.0;88.1;107.0;127.0
Po;1.32;8.43;19.4;25.43;38.1;61.2;0;0;0
At;2.81;9.2;20.1;29.3;0;0;0;91;0
Rn;1.5;10.75;21.4;29.4;43.78;55.1;66.8;96.7;111.2
Fr;0;3.98;0;0;0;0;0;0;0
Ra;0;5.28;10.15;34.26;46.41;58.5;76.0;89.3;102.8
Ac;0;5.1;12.06;18.90;0;0;0;0;0
Th;0;6.1;11.5;20.0;28.8;0;0;0;0
Pa;0;5.9;11.3;20.5;36.4;0;0;0;0
U;0;6.19;11.6;20.5;36.9;0;0;0;0
Np;0;5.90;11.67;22;38;0;0;0;0
Pu;0;6.06;13.0;23.5;39.5;0;0;0;0
Am;0;5.99;10.9;23.9;41.0;0;0;0;0
Cm;0;6.09;11.9;21.0;0;0;0;0;0
Bk;0;6.68;12.4;20.8;0;0;0;0;0
Cf;0;6.68;12.6;22.1;0;0;0;0;0
Es;0;6.80;12.6;21.6;0;0;0;0;0
Fm;0;6.68;12.51;22.5;0;0;0;0;0
Md;0;6.4;12;0;0;0;0;0;0
No;0;5.8;0;0;0;0;0;0;0
