Aminoacid_residuum;G;H;S
Ala;-3.94;-13.29;16.85
Arg;31.62;-20.73;54.75
Arg+;14.94;-35.67;60.59
Asn;-40.61;-63.49;35.90
Asp;-87.64;-107.13;33.24
Asp-;-82.29;-105.33;21.36
Cys;4.54;-4.86;24.34
Cys-;15.95;3.77;15.03
Gln;-41.40;-72.65;40.43
Glu;-88.18;-115.61;39.22
Glu-;-82.34;-114.94;21.88
Gly;-6.07;-5.57;17.31
His;36.46;11.01;44.02
His+;28.17;3.96;48.15
Ile;2.89;-32.29;27.72
Leu;0.67;-34.39;28.43
Lys;5.66;-37.65;39.30
Lys+-8.01;-51.16;39.84
Met;-35.25;-59.31;40.38
Phe;35.44;10.31;34.62
Pro;11.31;-4.89;27.85
Ser;-39.05;-53.21;25.26
Thr;-34.96;-59.73;22.25
Trp;58.05;21.62;37.98
Tyr;-6.92;-38.53;37.43
Tyr-;5.50;-30.21;23.68
Val;-0.46;-27.21;23.70
AABB;-84.87;-119.21;21.98
AABB+;-88.00;-119.58;31.23
AABB-;-71.97;-108.69;13.97
PBB;-21.44;-45.22;1.62
-CH2-;2.24;-5.67;6.07
-CH3;-2.19;-12.46;13.78
-CHCH3-;3.47;-12.48;11.71
-CH2NH2;7.04;-12.43;21.44
-CH2OH;-41.53;-56.79;21.57
-CONH2;-46.55;-61.42;30.14
-COOH;-92.57;-104.38;26.41
-C6H5;31.66;15.17;31.02
-dicorr;0.00;0.00;0.00