glassy state molar volume;liquid state molar volume;van der Waals molar volume;heat capacity (solid);heat capacity (liquid);cohession energy;Small attraction constant;molar parachor;enthalpy of fusion;entropy of fusion;melting enthalpy;molar refraction (Lorentz-Lorenz);molar refraction (Gladstone-Dale);molar refraction (Vogel);molar polarization;molar magnetic susceptibility;Rao´s function;molar weight
-CH3;23.9;22.8;13.67;30.9;36.9;9640;438;56.1;-46;95;2.5;5.64;8.82;17.66;5.64;14.5;1.4;15.03502
=CH2;0;0;11.94;22.6;21.8;0;389;50.6;23;30;0;5.47;8.78;17.46;0;9;0;14.02705
#CH;0;0;11.55;0;0;0;356;45.1;112.5;-32.5;0;0;0;0;0;9;0;13.01908
-CH=O;0;0;15.14;0;0;0;0;-65;-125;26;0;5.83;9.63;40.69;0;8.4;0;29.01848
-COOH;0;0;0;-50;98.9;0;0;81.9;-393;118;0;7.21;11.99;64.26;0;19;0;45.01788
-OH prim.;9.7;0;8.04;17.0;44.8;0;0;37.1;-176;50;0;2.55;4.13;24.08;-6;7.5;0.6;17.00737
-OH sec.;9.7;0;8.04;17.0;44.8;0;0;37.1;-176;50;0;2.46;3.95;23.95;-6;7.5;0.6;17.00737
-OH tert.;9.7;0;8.04;17.0;44.8;0;0;37.1;-176;50;0;2.45;3.85;24.05;20;7.5;0.6;17.00737
-O-CH3;33.9;31.3;16.74;47.7;72.5;15930;481;76.1;-166;165;4.2;7.23;11.78;41.51;10.84;19.5;1.8;31.03442
-CO-CH3;38.3;0;25.37;53.95;89.7;0;1001;104;-178;135;0;10.43;17.24;60.67;15.6;21.0;2.3;43.04553
-COO-CH3;46.9;47.4;28.9;76.9;101.9;23050;1102;120.9;-383;221;-1.7;11.88;19.58;82.97;20.64;28.5;2.65;59.04493
-COO-CH2CH3;62.75;63.85;39.1;102.2;132.3;27240;1374;120.9;-405;323;2.1;16.67;27.59;102.79;25.29;39.85;3.53;73.07198
-O-CO-CH3;46.9;47.4;28.9;76.9;101.9;23050;1102;120.9;-383;221;-1.7;11.95;19.69;82.56;20.64;28.5;2.65;59.04493
-O-CO-O-CH3;55.3;-56;32.6;-94;-138;29400;1245;140.9;-503;291;0.0;13.39;22.21;105.46;27.6;35;3.0;75.04433
-CN;19.5;0;14.7;-25;0;25000;839;63.7;123;-28.5;0;5.53;9.08;36.67;11;11;0;26.01781
-NH2;0;0;10.54;20.95;0;0;0;46.7;11.5;102.5;0;4.36;7.25;22.64;0;12;0;16.02264
-NO2;0;0;16.8;41.9;0;0;900;0;-41.5;143;0;6.66;11.01;66.0;0;0;0;46.0055
-SH prim.;0;0;14.81;46.8;52.4;0;644;65.3;13;-33;0;8.85;15.22;50.61;0;18;0;33.07197
-SH sec.;0;0;14.81;46.8;52.4;0;644;65.3;13;-33;0;8.79;15.14;50.33;0;18;0;33.07197
-SH tert.;0;0;14.81;46.8;52.4;0;644;65.3;13;-33;0;9.27;15.66;49.15;0;18;0;33.07197
-F mono;10.9;10.0;6.0;21.4;21.0;4470;-250;25.7;-195;-6;0;0.90;0.88;22.20;1.8;6.6;0.5;18.9984
-F per;10.9;10.0;6.0;21.4;21.0;4470;-250;25.7;-195;-6;0;0.90;0.70;20.92;1.8;6.6;0.5;18.9984
-Cl prim.;19.9;18.4;12.2;27.1;39.8;12990;552;54.3;-49;-9;0;6.05;10.07;51.23;9.5;18.5;1.15;35.453
-Cl sec.;19.9;18.4;12.2;27.1;39.8;12990;552;54.3;-49;-9;0;6.02;9.91;50.31;9.5;18.5;1.15;35.453
-Cl tert.;19.9;18.4;12.2;27.1;39.8;12990;552;54.3;-49;-9;0;5.93;9.84;50.75;9.5;18.5;1.15;35.453
-Br prim.;0;0;14.6;26.3;0;15500;696;68.0;-14;-14;0;8.90;15.15;118.5;0;27.5;0;79.909
-Br sec.;0;0;14.6;26.3;0;15500;696;68.0;-14;-14;0;8.96;15.26;118.4;0;27.5;0;79.909
-Br tert.;0;0;14.6;26.3;0;15500;696;68.0;-14;-14;0;9.03;15.29;119.1;0;27.5;0;79.909
-I;0;0;20.4;22.4;0;0;870;91.0;40;-41;0;13.90;25.0;0;0;43;0;126.904
-cyclo-C5H9;65.6;63.5;46.56;95.2;126.55;-18200;1370;186.4;-70.7;428;0;22.0;36.97;100.99;0;0;0;69.12729
-cyclo-C6H11;90.7;0;56.79;105.6;152.95;-22400;1620;223.0;-115.7;560;0;26.69;44.95;122.66;0;0;0;83.15434
-C6H5;72.7;64.65;45.84;85.6;123.2;31000;1504;190.0;87;167;0;25.51;44.63;123.51;25.5;53;4.65;77.10651
-p-C6H4-OH;75.2;0;51.36;95.8;157.9;0;0;210.0;-76;230;0;27.30;48.33;151.3;-45;57.5;4.7;93.10592
-p-C6H4-NH2;0;0;53.86;99.75;0;0;0;219.6;111.5;282.5;0;29.92;53.2;152.3;0;62;92.12119
-p-C6H4-Cl;85.4;79.8;55.3;105.9;152.9;38130;1898;227.2;51;171;0;30.63;53.62;177.0;34.5;68.5;5.25;111.5515
-CH2-;15.85;16.45;10.23;25.35;30.4;4190;272;39.0;-22;102;3.8;4.65;7.83;20.64;4.65;11.35;0.88;14.02705
-CH<;9.45;9.85;6.78;15.6;20.95;420;57;21.9;-2.7;120;3.8;3.62;6.80;23.49;3.62;9;0.45;13.01908
>CH arom.;0;0;8.06;15.4;22.2;0;0;34.5;12.5;26;0;0;0;0;0;9.2;0;13.01908
=CH-;0;13.88;8.47;18.65;21.4;5100;227;33.5;38;38;1.05;4.44;7.75;20.31;0;6.6;0.7;13.01908
>C<;4.6;4.75;3.33;6.2;7.4;-5580;-190;0;20;140;0;2.58;5.72;26.37;2.58;7;0.05;12.01111
=C< cis;0;6.12;5.01;10.5;15.9;-240;39;16.4;50;50;1.05;3.41;6.67;23.19;0;4.5;0.05;12.01111
=C< trans;0;6.12;5.01;10.5;15.9;-240;39;16.4;44;57;1.05;3.41;6.67;23.19;0;4.5;0.05;12.01111
=C< arom.;0;0;5.54;8.55;12.2;0;0;17.4;25;38;0;0;0;0;0;9.2;0;12.01111
=C=;0;0;6.96;0;0;0;0;28.0;147;-20;0;4.23;7.62;20.01;0;0;0;12.01111
#C-;0;0;8.05;0;0;0;227;28.0;115;-25;0;0;0;0;0;9;0;12.01111
-CHF-;20.35;19.85;13.0;37.0;41.95;4980;-307;47.6;-197;114;0;4.51;7.68;45.7;5.42;15.6;0.95;32.01748
-CF2-;26.4;24.75;15.3;49.0;49.4;3360;-310;56.2;-370;128;0;4.38;7.12;68.2;6.25;20.2;1.05;50.00791
-CFCl-;35.4;33.15;21.57;54.7;68.2;11880;-612;84.8;-224;125;0;9.50;16.3;97.6;13.9;32.1;1.7;66.46251
-CHCl-;29.35;28.25;19.0;42.7;60.75;13410;609;76.2;-51.7;111;0;9.64;16.71;73.8;13.7;27.5;1.6;48.47208
-CCl2-;44.4;41.55;27.8;60.4;87.0;20400;914;113.4;-78;122;0;14.63;25.54;127.0;17.7;44;2.35;82.91711
-CHBr-;39;0;21.4;41.9;0;15920;753;89.9;-16.7;106;0;12.57;22.06;141.9;0;36.5;0;92.92808
-CH=CH-;0;27.75;16.94;37.3;42.8;10200;454;67.0;76;76;2.1;8.88;15.50;40.62;0;13.2;1.4;26.03816
-O- aliph.;10.0;8.5;3.7;16.8;35.6;6290;143;20.0;-120;70;1.7;1.64;2.81;23.18;5.2;5;0.4;15.9994
-O- arom.;10.0;8.5;3.7;16.8;35.6;6290;143;20.0;-120;70;1.7;1.77;2.84;22.6;5.2;5;0.4;15.9994
-O- acetals;10.0;8.5;3.7;16.8;35.6;6290;143;20.0;-120;70;1.7;1.63;2.75;23.18;5.2;5;0.4;15.9994
-O-CH2-O-;35.85;33.45;17.63;58.95;101.6;16770;558;79.0;-262;242;7.2;7.93;13.45;67.0;15.05;21.35;1.68;46.02585
-CO- aliph.;13.4;0;11.7;23.05;52.8;0;563;-48;-132;40;0;4.53;7.91;43.03;-10;6.5;0.9;28.01051
-CO- arom.;13.4;0;11.7;23.05;52.8;0;563;-48;-132;40;0;5.09;8.82;41.9;-10;6.5;0.9;28.01051
-COO- aliph.;23.0;24.6;15.2;-46;65.0;13410;634;64.8;-337;116;-4.2;6.21;10.47;64.20;15;14;1.25;44.00991
-COO- C=C;18.25;21.0;15.2;-46;65.0;13410;634;64.8;-337;116;-4.2;6.21;10.47;64.42;15;14;1.25;44.00991
-COO- arom.;23.0;24.6;15.2;-46;65.0;13410;634;64.8;-337;116;-4.2;6.71;11.31;64.8;15;14;1.25;44.00991
-O-CO-O-;31.4;31.0;18.9;-62;-101;-20000;0;84.8;0;0;0;7.74;13.12;86.8;22;0;1.6;60.00931
-CO-NH-;24.9;0;19.56;-40;90.1;60760;0;-78;-74;160;2.9;7.23;15.15;69.75;30;14;1.7;43.02518
-O-CO-NH-;30.3;0;-23;-56;0;0;0;-94;0;0;0;0;0;0;0;0;2.1;59.02458
-NH-;0;0;8.08;14.25;31.8;0;0;29.6;58;120;0;3.59;6.29;24.30;0;9;0;15.01467
-N<;0;0;4.33;17.1;44.0;0;0;12.5;97;150;0;2.80;5.70;26.66;0;6;0.1;14.0067
=N< arom.;0;0;0;0;0;0;0;0;69;50;0;0;0;0;0;12;0;14.0067
-S-;17.8;15.0;10.8;24.05;44.8;8800;460;48.2;40;-24;0;8.07;14.44;53.33;8;16;0;32.064
-S-S-;35.6;30.0;22.7;48.1;89.6;19600;-920;96.4;46;-28;0;16.17;29.27;107.63;16;-32;0;64.128
-SO2-;0;0;20.3;-50;0;0;0;0;-282;152;0;0;0;0;0;0;1.25;64.0628
-p-C6H10-;87.8;0;53.34;103.2;147.5;0;1410;205.9;-96.4;578;0;25.70;44.00;125.10;0;0;0;82.14636
-o-C6H4-;0;0;43.32;78.8;113.1;25140;1346;172.9;100;180;0;24.72;44.2;129.0;0;50;0;76.09855
-m-C6H4-;0;0;43.32;78.8;113.1;25140;1346;172.9;100;180;0;25.0;44.7;128.6;0;50;0;76.09855
-p-C6H4-;65.5;61.4;43.32;78.8;113.1;25140;1346;172.9;100;180;22.2;25.03;44.8;128.6;25.0;50;4.1;76.09855
-o,p-C6H3-;59.5;0;40.80;71.85;103.2;0;1160;155.8;112.5;192;0;24.4;44.76;133.8;0;48.6;0;75.09058
-p-C6H3CH3-;83.4;0;54.47;102.75;140.1;0;1600;211.9;66.5;287;0;29.9;52.7;149.2;0;63;0;90.1256
-o,o,p-C6H2-;56.3;0;38.28;65.0;93.0;0;-970;138.7;125;204;0;23.85;44.72;139.0;0;46.4;3.35;74.0826
-p-o,o-(CH3)2C6H2-;104.1;0;65.62;126.8;166.8;0;-1850;250.9;33;394;0;34.8;61.0;169.8;0;75;6.15;104.1526
-p-C6H4-CH2-;81.35;77.85;53.55;104.15;143.5;29330;1618;211.9;78;282;26.0;29.53;52.06;147.3;29.65;61;4.98;90.1256
-p-C6H4-CH<;74.95;71.25;50.10;94.4;134.05;25660;1403;194.8;97.3;300;26.0;28.55;51.14;150.0;28.62;59;4.55;89.11763
-p-C6H4-C%;70.10;66.15;46.65;85.0;120.5;19560;1256;172.9;120;320;0;27.32;49.76;153.7;27.58;57;4.15;88.10966
-p-C6H4-NH-;0;0;51.4;93.05;144.9;0;0;202.5;158;300;0;29.56;53.48;155.5;0;59;0;91.11322
-p-C6H4-N<;0;0;47.65;95.9;157.1;0;0;185.4;197;330;0;29.08;53.5;159.3;0;56;4.2;90.10525
-p-C6H4-CO-NH-;90.4;0;62.28;116.8;203.2;85900;0;0;26;340;25.1;33.5;62.9;201.6;55;64;5.8;119.1237
conjug.;0;0;0;0;0;0;0;0;-18;16;0;0;0;0;0;0;0;0
3ring;0;0;0;0;0;0;0;0;100;-122;0;0;0;0;0;0;0;0
4ring;0;0;0;0;0;0;0;0;100;-110;0;0;0;0;0;0;0;0
5ring;0;0;0;0;0;0;0;0;20;-100;0;0;0;0;0;0;0;0
6ring;0;0;0;0;0;0;0;0;-3;-70;0;0;0;0;0;0;0;0
