Ion;Coordination number;Crystal radius;Effective ionic radius
Ac+3;6;1.26;1.12
Ag+;2;0.81;0.67
Ag+;4;1.14;1.00
Ag+;4q;1.16;1.02
Ag+;5;1.23;1.09
Ag+;6;1.29;1.15
Ag+;7;1.36;1.22
Ag+;8;1.42;1.28
Ag+2;4q;0.93;0.79
Ag+2;6;1.08;0.94
Ag+3;4q;0.81;0.67
Ag+3;6;0.89;0.75
Al+3;4;0.53;0.39
Al+3;5;0.62;0.48
Al+3;6;0.675;0.535
Am+2;7;1.35;1.21
Am+2;8;1.40;1.26
Am+2;9;1.45;1.31
Am+3;6;1.115;0.975
Am+3;8;1.23;1.09
Am+4;6;0.99;0.85
Am+4;8;1.09;0.95
As+3;6;0.72;0.58
As+5;4;0.475;0.335
As+5;6;0.60;0.46
! At-;6;213
At+7;5;0.76;0.62
Au+;6;1.51;1.37
Au+3;4q;0.82;0.68
Au+3;6;0.99;0.85
Au+5;6;0.71;0.57
B+3;3;0.15;0.01
B+3;4;0.25;0.11
B+3;6;0.41;0.27
Ba+2;6;1.49;1.35
Ba+2;7;1.52;1.38
Ba+2;8;1.56;1.42
Ba+2;9;1.61;1.47
Ba+2;10;1.66;1.52
Ba+2;11;1.71;1.57
Ba+2;12;1.75;1.61
Be+2;3;0.30;0.16
Be+2;4;0.41;0.27
Be+2;6;0.59;0.45
Bi+3;5;1.10;0.96
Bi+3;6;1.17;1.03
Bi+3;8;1.31;1.17
Bi+5;6;0.90;0.76
Bk+3;6;1.10;0.96
Bk+4;6;0.97;0.83
Bk+4;8;1.07;0.93
Br-;6;1.82;1.96
Br+3;4q;0.73;0.59
Br+5;3p;0.45;0.31
Br+7;4;0.39;0.25
Br+7;4;0.53;0.39
C+4;3;0.06;-0.08
C+4;4;0.29;0.15
C+4;6;0.30;0.16
Ca+2;6;1.14;1.00
Ca+2;7;1.20;1.06
Ca+2;8;1.26;1.12
Ca+2;9;1.32;1.18
Ca+2;10;1.37;1.23
Ca+2;12;1.48;1.34
Cd+2;4;0.92;0.78
Cd+2;5;1.01;0.87
Cd+2;6;1.09;0.95
Cd+2;7;1.17;1.03
Cd+2;8;1.24;1.10
Cd+2;12;1.45;1.31
Ce+3;6;1.15;1.01
Ce+3;7;1.21;1.07
Ce+3;8;1.283;1.143
Ce+3;9;1.336;1.196
Ce+3;10;1.39;1.25
Ce+3;12;1.48;1.34
Ce+4;6;1.01;0.87
Ce+4;8;1.11;0.97
Ce+4;10;1.21;1.07
Ce+4;12;1.28;1.14
Cf+3;6;1.09;0.95
Cf+4;6;0.961;0.821
Cf+4;8;1.06;0.92
Cl-;6;1.67;1.81
Cl+5;3p;0.26;0.12
Cl+7;4;0.22;0.08
Cl+7;6;0.41;0.27
Cm+3;6;1.11;0.97
Cm+4;6;0.99;0.85
Cm+4;8;1.09;0.95
Co+2;4hs;0.72;0.58
Co+2;5;0.81;0.67
Co+2;6ls;0.79;0.65
Co+2;6hs;0.885;0.745
Co+2;8;1.04;0.90
Co+3;6ls;0.685;0.545
Co+3;6hs;0.75;0.61
Co+4;4;0.54;0.40
Co+4;6hs;0.67;0.53
Cr+2;6ls;0.87;0.73
Cr+2;6hs;0.94;0.80
Cr+3;6;0.755;0.615
Cr+4;4;0.55;0.41
Cr+4;6;0.69;0.55
Cr+5;4;0.485;0.345
Cr+5;6;0.63;0.49
Cr+5;8;0.71;0.57
Cr+6;4;0.40;0.26
Cr+6;6;0.58;0.44
Cs+;6;1.81;1.67
Cs+;8;1.88;1.74
Cs+;9;1.92;1.78
Cs+;10;1.95;1.81
Cs+;11;1.99;1.85
Cs+;12;2.02;1.88
Cu+;2;0.60;0.46
Cu+;4;0.74;0.60
Cu+;6;0.91;0.77
Cu+2;4;0.71;0.57
Cu+2;4q;0.71;0.57
Cu+2;5;0.79;0.65
Cu+2;6;0.87;0.73
Cu+3;6ls;0.68;0.54
D+;2;0.04;-0.10
Dy+2;6;1.21;1.07
Dy+2;7;1.27;1.13
Dy+2;8;1.33;1.19
Dy+3;6;1.052;0.912
Dy+3;7;1.11;0.97
Dy+3;8;1.167;1.027
Dy+3;9;1.223;1.083
Er+3;6;1.030;0.890
Er+3;7;1.085;0.945
Er+3;8;1.144;1.004
Er+3;9;1.202;1.062
Eu+2;6;1.31;1.17
Eu+2;7;1.34;1.20
Eu+2;8;1.39;1.25
Eu+2;9;1.44;1.30
Eu+2;10;1.49;1.35
Eu+3;6;1.087;0.947
Eu+3;7;1.15;1.01
Eu+3;8;1.206;1.066
Eu+3;9;1.260;1.120
F-;2;1.145;1.285
F-;3;1.16;1.30
F-;4;1.17;1.31
F-;6;1.19;1.33
F+7;6;0.22;0.08
Fe+2;4hs;0.77;0.63
Fe+2;4q.hs;0.78;0.64
Fe+2;6ls;0.75;0.61
Fe+2;6hs;0.920;0.780
Fe+2;8hs;1.06;0.92
Fe+3;4hs;0.63;0.49
Fe+3;5;0.72;0.58
Fe+3;6ls;0.69;0.55
Fe+3;6hs;0.785;0.645
Fe+3;8hs;0.92;0.78
Fe+4;6;0.725;0.585
Fe+6;4;0.39;0.25
Fr+;6;1.94;1.80
Ga+3;4;0.61;0.47
Ga+3;5;0.69;0.55
Ga+3;6;0.760;0.620
Gd+3;6;1.078;0.938
Gd+3;7;1.14;1.00
Gd+3;8;1.193;1.053
Gd+3;9;1.247;1.107
Ge+2;6;0.87;0.73
Ge+4;4;0.530;0.390
Ge+4;6;0.670;0.530
H+;1;-0.24;-0.38
H+;2;-0.04;-0.18
Hf+4;4;0.72;0.58
Hf+4;6;0.85;0.71
Hf+4;7;0.90;0.76
Hf+4;8;0.97;0.83
Hg+;3;1.11;0.97
Hg+;6;1.33;1.19
Hg+2;2;0.83;0.69
Hg+2;4;1.10;0.96
Hg+2;6;1.16;1.02
Hg+2;8;1.28;1.14
Ho+3;6;1.041;0.901
Ho+3;8;1.155;1.015
Ho+3;9;1.212;1.072
Ho+3;10;1.26;1.12
I-;6;2.06;2.20
I+5;3p;0.58;0.44
I+5;6;1.09;0.95
I+7;4;0.56;0.42
I+7;6;0.67;0.53
In+3;4;0.76;0.62
In+3;6;0.940;0.800
In+3;8;1.06;0.92
Ir+3;6;0.82;0.68
Ir+4;6;0.765;0.625
Ir+5;6;0.71;0.57
K+;4;1.51;1.37
K+;6;1.52;1.38
K+;7;1.60;1.46
K+;8;1.65;1.51
K+;9;1.69;1.55
K+;10;1.73;1.59
K+;12;1.78;1.64
La+3;6;1.172;1.032
La+3;7;1.24;1.10
La+3;8;1.300;1.160
La+3;9;1.356;1.216
La+3;10;1.41;1.27
La+3;12;1.50;1.36
Li+;4;0.730;0.590
Li+;6;0.90;0.76
Li+;8;1.06;0.92
Lu+3;6;1.001;0.861
Lu+3;8;1.117;0.977
Lu+3;9;1.172;1.032
Mg+2;4;0.71;0.57
Mg+2;5;0.80;0.66
Mg+2;6;0.860;0.720
Mg+2;8;1.03;0.89
Mn+2;4hs;0.80;0.66
Mn+2;5hs;0.89;0.75
Mn+2;6ls;0.81;0.67
Mn+2;6hs;0.970;0.830
Mn+2;7hs;1.04;0.90
Mn+2;8;1.10;0.96
Mn+3;5;0.72;0.58
Mn+3;6ls;0.72;0.58
Mn+3;6hs;0.785;0.645
Mn+4;4;0.53;0.39
Mn+4;6;0.670;0.530
Mn+5;4;0.47;0.33
Mn+6;4;0.395;0.255
Mn+7;4;0.39;0.25
Mn+7;6;0.60;0.46
Mo+3;6;0.83;0.69
Mo+4;6;0.790;0.650
Mo+5;4;0.60;0.46
Mo+5;6;0.75;0.61
Mo+6;4;0.55;0.41
Mo+6;5;0.64;0.50
Mo+6;6;0.73;0.59
Mo+6;7;0.87;0.73
N-3;4;1.32;1.46
N+3;6;0.30;0.16
N+5;3;0.044;-0.104
N+5;6;0.27;0.13
Na+;4;1.13;0.99
Na+;5;1.14;1.00
Na+;6;1.16;1.02
Na+;7;1.26;1.12
Na+;8;1.32;1.18
Na+;9;1.38;1.24
Na+;12;1.53;1.39
Nb+3;6;0.86;0.72
Nb+4;6;0.82;0.68
Nb+4;8;0.93;0.79
Nb+5;4;0.62;0.48
Nb+5;6;0.78;0.64
Nb+5;7;0.83;0.69
Nb+5;8;0.88;0.74
Nd+2;8;1.43;1.29
Nd+2;9;1.49;1.35
Nd+3;6;1.123;0.983
Nd+3;8;1.249;1.109
Nd+3;9;1.303;1.163
Nd+3;12;1.41;1.27
Ni+2;4;0.69;0.55
Ni+2;4q;0.63;0.49
Ni+2;5;0.77;0.63
Ni+2;6;0.830;0.690
Ni+3;6ls;0.70;0.56
Ni+3;6hs;0.74;0.60
Ni+4;6ls;0.62;0.48
No+2;6;1.24;1.1
Np+2;6;1.24;1.10
Np+3;6;1.15;1.01
Np+4;6;1.01;0.87
Np+4;8;1.12;0.98
Np+5;6;0.89;0.75
Np+6;6;0.86;0.72
Np+7;6;0.85;0.71
O-2;2;1.21;1.35
O-2;3;1.22;1.36
O-2;4;1.24;1.38
O-2;6;1.26;1.40
O-2;8;1.28;1.42
OH-;2;1.18;1.32
OH-;3;1.20;1.34
OH-;4;1.21;1.35
OH-;6;1.23;1.37
Os+4;6;0.770;0.630
Os+5;6;0.715;0.575
Os+6;5;0.63;0.49
Os+6;6;0.685;0.545
Os+7;6;0.665;0.525
Os+8;4;0.53;0.39
P+3;6;0.58;0.44
P+5;4;0.31;0.17
P+5;5;0.43;0.29
P+5;6;0.52;0.38
Pa+3;6;1.18;1.04
Pa+4;6;1.04;0.90
Pa+4;8;1.15;1.01
Pa+5;6;0.92;0.78
Pa+5;8;1.05;0.91
Pa+5;9;1.09;0.95
Pb+2;4p;1.12;0.98
Pb+2;6;1.33;1.19
Pb+2;7;1.37;1.23
Pb+2;8;1.43;1.29
Pb+2;9;1.49;1.35
Pb+2;10;1.54;1.40
Pb+2;11;1.59;1.45
Pb+2;12;1.63;1.49
Pb+4;4;0.79;0.65
Pb+4;5;0.87;0.73
Pb+4;6;0.915;0.775
Pb+4;8;1.08;0.94
Pd+;2;0.73;0.59
Pd+2;4q;0.78;0.64
Pd+2;6;1.00;0.86
Pd+3;6;0.900;0.76
Pd+4;6;0.755;0.615
Pm+3;6;1.11;0.97
Pm+3;8;1.233;1.093
Pm+3;9;1.284;1.144
! Po-2;6;2.16
Po+4;6;1.08;0.94
Po+4;8;1.22;1.08
Po+6;6;0.81;0.67
Pr+3;6;113;0.99
Pr+3;8;1.266;1.126
Pr+3;9;1.319;1.179
Pr+4;6;0.99;0.85
Pr+4;8;1.10;0.96
Pt+2;4q;0.74;0.60
Pt+2;6;0.94;0.80
Pt+4;6;0.765;0.625
Pt+5;6;0.71;0.57
Pu+3;6;1.14;1.00
Pu+4;6;1.00;0.86
Pu+4;8;1.10;0.96
Pu+5;6;0.88;0.74
Pu+6;6;0.85;0.71
Ra+2;8;1.62;1.48
Ra+2;12;1.84;1.70
Rb+;6;1.66;1.52
Rb+;7;1.70;1.56
Rb+;8;1.75;1.61
Rb+;9;1.77;1.63
Rb+;10;1.80;1.66
Rb+;11;1.83;1.69
Rb+;12;1.86;1.72
Rb+;14;1.97;1.83
Re+4;6;0.77;0.63
Re+5;6;0.72;0.58
Re+6;6;0.69;0.55
Re+7;4;0.52;0.38
Re+7;6;0.67;0.53
Rh+3;6;0.805;0.665
Rh+4;6;0.74;0.60
Rh+5;6;0.69;0.55
Ru+3;6;0.82;0.68
Ru+4;6;0.760;0.620
Ru+5;6;0.705;0.565
Ru+7;4;0.52;0.38
Ru+8;4;0.50;0.36
S-2;6;1.70;1.84
S+4;6;0.51;0.37
S+6;4;0.26;0.12
S+6;6;0.43;0.29
Sb+3;4p;0.90;0.76
Sb+3;5;0.94;0.80
Sb+3;6;0.90;0.76
Sb+5;6;0.74;0.80
Sc+3;6;0.885;0.745
Sc+3;8;1.010;0.870
Se-2;6;1.84;1.98
Se+4;6;0.64;0.50
Se+6;4;0.42;0.28
Se+6;6;0.56;0.42
Si+4;4;0.40;0.26
Si+4;6;0.540;0.400
Sm+2;7;1.36;1.22
Sm+2;8;1.41;1.27
Sm+2;9;1.46;1.32
Sm+3;6;1.098;0.958
Sm+3;7;1.16;1.02
Sm+3;8;1.219;1.079
Sm+3;9;1.272;1.132
Sm+3;12;1.38;1.24
Sn+4;4;0.69;0.55
Sn+4;5;0.76;0.62
Sn+4;6;0.830;0.690
Sn+4;7;0.89;0.75
Sn+4;8;0.95;0.81
Sr+2;6;1.32;1.18
Sr+2;7;1.35;1.21
Sr+2;8;1.40;1.26
Sr+2;9;1.45;1.31
Sr+2;10;1.50;1.36
Sr+2;12;1.58;1.44
Ta+3;6;0.86;0.72
Ta+4;6;0.82;0.68
Ta+5;6;0.78;0.64
Ta+5;7;0.83;0.69
Ta+5;8;0.88;0.74
Tb+3;6;1.063;0.923
Tb+3;7;1.12;0.98
Tb+3;8;1.180;1.040
Tb+3;9;1.235;1.095
Tb+4;6;0.90;0.76
Tb+4;8;1.02;0.88
Tc+4;6;0.785;0.645
Tc+5;6;0.74;0.60
Tc+7;4;0.51;0.37
Tc+7;6;0.70;0.56
Te-2;6;2.07;2.21
Te+4;3;0.66;0.52
Te+4;4;0.80;0.66
Te+4;6;1.11;0.97
Te+6;4;0.57;0.43
Te+6;6;0.70;0.56
Th+4;6;1.08;0.94
Th+4;8;1.19;1.05
Th+4;9;1.23;1.09
Th+4;10;1.27;1.13
Th+4;11;1.32;1.18
Th+4;12;1.35;1.21
Ti+2;6;1.00;0.86
Ti+3;6;0.810;0.670
Ti+4;4;0.56;0.42
Ti+4;5;0.65;0.51
Ti+4;6;0.745;0.605
Ti+4;8;0.88;0.74
Tl+;6;1.64;1.50
Tl+;8;1.73;1.59
Tl+;12;1.84;1.70
Tl+3;4;0.89;0.75
Tl+3;6;1.025;0.885
Tl+3;8;1.12;0.98
Tm+2;6;1.17;1.03
Tm+2;7;1.23;1.09
Tm+3;6;1.020;0.880
Tm+3;8;1.134;0.994
Tm+3;9;1.192;1.052
U+3;6;1.165;1.025
U+4;6;1.03;0.89
U+4;7;1.09;0.95
U+4;8;1.14;1.00
U+4;9;1.19;1.05
U+4;12;1.31;1.17
U+5;6;0.90;0.76
U+5;7;0.98;0.84
U+6;2;0.59;0.45
U+6;4;0.66;0.52
U+6;6;0.87;0.73
U+6;7;0.95;0.81
U+6;8;1.00;0.86
V+2;6;0.93;0.79
V+3;6;0.780;0.640
V+4;5;0.67;0.53
V+4;6;0.72;0.58
V+4;8;0.86;0.72
V+5;4;0.495;0.355
V+5;5;0.60;0.46
V+5;6;0.68;0.54
W+4;6;0.80;0.66
W+5;6;0.76;0.62
W+6;4;0.56;0.42
W+6;5;0.65;0.51
W+6;6;0.74;0.60
Xe+8;4;0.54;0.40
Xe+8;6;0.62;0.48
Y+3;6;1.040;0.900
Y+3;7;1.10;0.96
Y+3;8;1.159;1.019
Y+3;9;1.215;1.075
Yb+2;6;1.16;1.02
Yb+2;7;1.22;1.08
Yb+2;8;1.28;1.14
Yb+3;6;1.008;0.868
Yb+3;7;1.065;0.925
Yb+3;8;1.125;0.985
Yb+3;9;1.182;1.042
Zn+2;4;0.74;0.60
Zn+2;5;0.82;0.68
Zn+2;6;0.880;0.740
Zn+2;8;1.04;0.90
Zr+4;4;0.73;0.59
Zr+4;5;0.80;0.66
Zr+4;6;0.86;72
Zr+4;7;0.92;0.78
Zr+4;8;0.98;0.84
Zr+4;9;1.03;0.89
